0
0
0
0
0
0
0
0
0
0
0
0
0
0
0
0
0
0
0
0
0
0
0
0
0
0
0
0
0
0
0
0
0
0
0
0
0
0
0
476.19
270.27
0
256.41
256.41
256.41
256.41
0
0
0
0
294.118
294.118
294.118
294.118
303.03
303.03
294.118
285.714
270.27
208.333
0
0
0
0
0
192.308
232.558
250
263.158
270.27
263.158
263.158
256.41
256.41
243.902
238.095
222.222
0
0
0
0
0
0
0
0
0
0
0
0
0
0
0
0
0
0
270.27
243.902
243.902
243.902
238.095
238.095
238.095
232.558
238.095
238.095
243.902
243.902
243.902
250
250
256.41
256.41
256.41
250
250
250
238.095
0
0
0
250
243.902
243.902
250
250
0
0
0
0
0
0
333.333
277.778
256.41
243.902
243.902
243.902
238.095
238.095
243.902
243.902
243.902
0
0
0
0
0
0
0
0
0
0
0
0
0
263.158
256.41
250
250
250
243.902
243.902
238.095
232.558
227.273
222.222
222.222
217.391
217.391
212.766
212.766
212.766
204.082
208.333
208.333
212.766
212.766
212.766
227.273
232.558
227.273
232.558
0
0
0
0
0
0
0
0
0
0
0
0
0
0
0
0
0
0
